(kicad_pcb (version 20171130) (host pcbnew "(5.0.2)-1")

  (general
    (thickness 1.6)
    (drawings 4)
    (tracks 206)
    (zones 0)
    (modules 18)
    (nets 13)
  )

  (page A4)
  (layers
    (0 F.Cu signal)
    (31 B.Cu signal)
    (32 B.Adhes user)
    (33 F.Adhes user)
    (34 B.Paste user)
    (35 F.Paste user)
    (36 B.SilkS user)
    (37 F.SilkS user)
    (38 B.Mask user)
    (39 F.Mask user)
    (40 Dwgs.User user)
    (41 Cmts.User user)
    (42 Eco1.User user)
    (43 Eco2.User user)
    (44 Edge.Cuts user)
    (45 Margin user)
    (46 B.CrtYd user)
    (47 F.CrtYd user)
    (48 B.Fab user)
    (49 F.Fab user)
  )

  (setup
    (last_trace_width 0.25)
    (trace_clearance 0.2)
    (zone_clearance 0.508)
    (zone_45_only no)
    (trace_min 0.2)
    (segment_width 0.2)
    (edge_width 0.15)
    (via_size 0.8)
    (via_drill 0.4)
    (via_min_size 0.4)
    (via_min_drill 0.3)
    (uvia_size 0.3)
    (uvia_drill 0.1)
    (uvias_allowed no)
    (uvia_min_size 0.2)
    (uvia_min_drill 0.1)
    (pcb_text_width 0.3)
    (pcb_text_size 1.5 1.5)
    (mod_edge_width 0.15)
    (mod_text_size 1 1)
    (mod_text_width 0.15)
    (pad_size 1.524 1.524)
    (pad_drill 0.762)
    (pad_to_mask_clearance 0.051)
    (solder_mask_min_width 0.25)
    (aux_axis_origin 0 0)
    (visible_elements 7FFFFFFF)
    (pcbplotparams
      (layerselection 0x010fc_ffffffff)
      (usegerberextensions false)
      (usegerberattributes false)
      (usegerberadvancedattributes false)
      (creategerberjobfile false)
      (excludeedgelayer true)
      (linewidth 0.100000)
      (plotframeref false)
      (viasonmask false)
      (mode 1)
      (useauxorigin false)
      (hpglpennumber 1)
      (hpglpenspeed 20)
      (hpglpendiameter 15.000000)
      (psnegative false)
      (psa4output false)
      (plotreference true)
      (plotvalue true)
      (plotinvisibletext false)
      (padsonsilk false)
      (subtractmaskfromsilk false)
      (outputformat 1)
      (mirror false)
      (drillshape 0)
      (scaleselection 1)
      (outputdirectory ""))
  )

  (net 0 "")
  (net 1 /VOUT)
  (net 2 "Net-(J1-Pad2)")
  (net 3 GND)
  (net 4 "Net-(C_bst1-Pad1)")
  (net 5 /VIN)
  (net 6 "Net-(R4-Pad2)")
  (net 7 "Net-(R6-Pad2)")
  (net 8 "Net-(Rbot1-Pad1)")
  (net 9 "Net-(C_bst1-Pad2)")
  (net 10 "Net-(D1-PadA)")
  (net 11 "Net-(P_in1-Pad1)")
  (net 12 "Net-(LED1-Pad2)")

  (net_class Default "This is the default net class."
    (clearance 0.2)
    (trace_width 0.25)
    (via_dia 0.8)
    (via_drill 0.4)
    (uvia_dia 0.3)
    (uvia_drill 0.1)
    (add_net /VOUT)
    (add_net "Net-(C_bst1-Pad1)")
    (add_net "Net-(C_bst1-Pad2)")
    (add_net "Net-(D1-PadA)")
    (add_net "Net-(J1-Pad2)")
    (add_net "Net-(LED1-Pad2)")
    (add_net "Net-(Rbot1-Pad1)")
  )

  (net_class "High Power" ""
    (clearance 0.1778)
    (trace_width 0.635)
    (via_dia 0.762)
    (via_drill 0.381)
    (uvia_dia 0.3)
    (uvia_drill 0.1)
    (add_net /VIN)
    (add_net GND)
    (add_net "Net-(P_in1-Pad1)")
    (add_net "Net-(R4-Pad2)")
    (add_net "Net-(R6-Pad2)")
  )

  (module digikey-footprints:USB_A_Female_Vertical_RA_73725-0110BLF (layer F.Cu) (tedit 5C801130) (tstamp 5C801B47)
    (at 148.556001 134.408 90)
    (descr http://portal.fciconnect.com/Comergent//fci/drawing/73725.pdf)
    (path /5C7C796E)
    (fp_text reference J1 (at 0.01 -19.07 90) (layer F.SilkS)
      (effects (font (size 1 1) (thickness 0.15)))
    )
    (fp_text value 73725-0110BLF (at 0.01 5.6 90) (layer F.Fab)
      (effects (font (size 1 1) (thickness 0.15)))
    )
    (fp_line (start -2.9 2.6) (end -2.9 -17.1) (layer F.Fab) (width 0.1))
    (fp_line (start -2.9 2.6) (end 2.86 2.6) (layer F.Fab) (width 0.1))
    (fp_line (start 2.86 2.6) (end 2.86 -17.1) (layer F.Fab) (width 0.1))
    (fp_line (start -2.9 -17.1) (end 2.86 -17.1) (layer F.Fab) (width 0.1))
    (fp_line (start -3 2.7) (end -3 2.2) (layer F.SilkS) (width 0.1))
    (fp_line (start -3 2.7) (end -2.5 2.7) (layer F.SilkS) (width 0.1))
    (fp_line (start 3 2.7) (end 2.5 2.7) (layer F.SilkS) (width 0.1))
    (fp_line (start 3 2.7) (end 3 2.2) (layer F.SilkS) (width 0.1))
    (fp_line (start 3 -17.2) (end 3 -16.7) (layer F.SilkS) (width 0.1))
    (fp_line (start 3 -17.2) (end 2.5 -17.2) (layer F.SilkS) (width 0.1))
    (fp_line (start -3 -17.2) (end -2.5 -17.2) (layer F.SilkS) (width 0.1))
    (fp_line (start -3 -17.2) (end -3 -16.7) (layer F.SilkS) (width 0.1))
    (fp_line (start 3.1 -17.34) (end 3.1 2.84) (layer F.CrtYd) (width 0.05))
    (fp_line (start -3.15 -17.34) (end -3.15 2.84) (layer F.CrtYd) (width 0.05))
    (fp_line (start -3.15 2.84) (end 3.1 2.84) (layer F.CrtYd) (width 0.05))
    (fp_line (start -3.15 -17.34) (end 3.1 -17.34) (layer F.CrtYd) (width 0.05))
    (fp_text user %R (at 0 -10.28 90) (layer F.Fab)
      (effects (font (size 1 1) (thickness 0.15)))
    )
    (pad SH thru_hole circle (at 2.72 -6.27 90) (size 2.35 2.35) (drill 1.35) (layers *.Cu *.Mask)
      (net 3 GND))
    (pad SH thru_hole circle (at 2.72 0.73 90) (size 2.35 2.35) (drill 1.35) (layers *.Cu *.Mask)
      (net 3 GND))
    (pad SH thru_hole circle (at -2.72 -6.27 90) (size 2.35 2.35) (drill 1.35) (layers *.Cu *.Mask)
      (net 3 GND))
    (pad SH thru_hole circle (at -2.72 0.73 90) (size 2.35 2.35) (drill 1.35) (layers *.Cu *.Mask)
      (net 3 GND))
    (pad 4 thru_hole circle (at 0 -7.62 90) (size 1.92 1.92) (drill 0.92) (layers *.Cu *.Mask)
      (net 3 GND))
    (pad 3 thru_hole circle (at 0 -5.08 90) (size 1.92 1.92) (drill 0.92) (layers *.Cu *.Mask)
      (net 2 "Net-(J1-Pad2)"))
    (pad 2 thru_hole circle (at 0 -2.54 90) (size 1.92 1.92) (drill 0.92) (layers *.Cu *.Mask)
      (net 2 "Net-(J1-Pad2)"))
    (pad 1 thru_hole circle (at 0 0 90) (size 1.92 1.92) (drill 0.92) (layers *.Cu *.Mask)
      (net 1 /VOUT))
  )

  (module Resistor_SMD:R_2816_7142Metric_Pad3.20x4.45mm_HandSolder (layer F.Cu) (tedit 5B341556) (tstamp 5C8CEB2E)
    (at 132.08 107.442 90)
    (descr "Resistor SMD 2816 (7142 Metric), square (rectangular) end terminal, IPC_7351 nominal with elongated pad for handsoldering. (Body size from: https://www.vishay.com/docs/30100/wsl.pdf), generated with kicad-footprint-generator")
    (tags "resistor handsolder")
    (path /5C75F1A6)
    (attr smd)
    (fp_text reference THin1 (at 0 -3.18 90) (layer F.SilkS)
      (effects (font (size 1 1) (thickness 0.15)))
    )
    (fp_text value Thermistor_PTC (at 0 3.18 90) (layer F.Fab)
      (effects (font (size 1 1) (thickness 0.15)))
    )
    (fp_line (start -3.55 2.1) (end -3.55 -2.1) (layer F.Fab) (width 0.1))
    (fp_line (start -3.55 -2.1) (end 3.55 -2.1) (layer F.Fab) (width 0.1))
    (fp_line (start 3.55 -2.1) (end 3.55 2.1) (layer F.Fab) (width 0.1))
    (fp_line (start 3.55 2.1) (end -3.55 2.1) (layer F.Fab) (width 0.1))
    (fp_line (start -0.797369 -2.21) (end 0.797369 -2.21) (layer F.SilkS) (width 0.12))
    (fp_line (start -0.797369 2.21) (end 0.797369 2.21) (layer F.SilkS) (width 0.12))
    (fp_line (start -4.45 2.48) (end -4.45 -2.48) (layer F.CrtYd) (width 0.05))
    (fp_line (start -4.45 -2.48) (end 4.45 -2.48) (layer F.CrtYd) (width 0.05))
    (fp_line (start 4.45 -2.48) (end 4.45 2.48) (layer F.CrtYd) (width 0.05))
    (fp_line (start 4.45 2.48) (end -4.45 2.48) (layer F.CrtYd) (width 0.05))
    (fp_text user %R (at 0 0 90) (layer F.Fab)
      (effects (font (size 1 1) (thickness 0.15)))
    )
    (pad 1 smd roundrect (at -2.6 0 90) (size 3.2 4.45) (layers F.Cu F.Paste F.Mask) (roundrect_rratio 0.078125)
      (net 10 "Net-(D1-PadA)"))
    (pad 2 smd roundrect (at 2.6 0 90) (size 3.2 4.45) (layers F.Cu F.Paste F.Mask) (roundrect_rratio 0.078125)
      (net 11 "Net-(P_in1-Pad1)"))
    (model ${KISYS3DMOD}/Resistor_SMD.3dshapes/R_2816_7142Metric.wrl
      (at (xyz 0 0 0))
      (scale (xyz 1 1 1))
      (rotate (xyz 0 0 0))
    )
  )

  (module Capacitor_SMD:C_1812_4532Metric_Pad1.30x3.40mm_HandSolder (layer F.Cu) (tedit 5B301BBE) (tstamp 5C801CA8)
    (at 143.129 108.839 90)
    (descr "Capacitor SMD 1812 (4532 Metric), square (rectangular) end terminal, IPC_7351 nominal with elongated pad for handsoldering. (Body size source: https://www.nikhef.nl/pub/departments/mt/projects/detectorR_D/dtddice/ERJ2G.pdf), generated with kicad-footprint-generator")
    (tags "capacitor handsolder")
    (path /5C76495B)
    (attr smd)
    (fp_text reference C_in1 (at 0 -2.65 90) (layer F.SilkS)
      (effects (font (size 1 1) (thickness 0.15)))
    )
    (fp_text value 10u (at 0 2.65 90) (layer F.Fab)
      (effects (font (size 1 1) (thickness 0.15)))
    )
    (fp_text user %R (at 0 0 90) (layer F.Fab)
      (effects (font (size 1 1) (thickness 0.15)))
    )
    (fp_line (start 3.12 1.95) (end -3.12 1.95) (layer F.CrtYd) (width 0.05))
    (fp_line (start 3.12 -1.95) (end 3.12 1.95) (layer F.CrtYd) (width 0.05))
    (fp_line (start -3.12 -1.95) (end 3.12 -1.95) (layer F.CrtYd) (width 0.05))
    (fp_line (start -3.12 1.95) (end -3.12 -1.95) (layer F.CrtYd) (width 0.05))
    (fp_line (start -1.386252 1.71) (end 1.386252 1.71) (layer F.SilkS) (width 0.12))
    (fp_line (start -1.386252 -1.71) (end 1.386252 -1.71) (layer F.SilkS) (width 0.12))
    (fp_line (start 2.25 1.6) (end -2.25 1.6) (layer F.Fab) (width 0.1))
    (fp_line (start 2.25 -1.6) (end 2.25 1.6) (layer F.Fab) (width 0.1))
    (fp_line (start -2.25 -1.6) (end 2.25 -1.6) (layer F.Fab) (width 0.1))
    (fp_line (start -2.25 1.6) (end -2.25 -1.6) (layer F.Fab) (width 0.1))
    (pad 2 smd roundrect (at 2.225 0 90) (size 1.3 3.4) (layers F.Cu F.Paste F.Mask) (roundrect_rratio 0.192308)
      (net 3 GND))
    (pad 1 smd roundrect (at -2.225 0 90) (size 1.3 3.4) (layers F.Cu F.Paste F.Mask) (roundrect_rratio 0.192308)
      (net 5 /VIN))
    (model ${KISYS3DMOD}/Capacitor_SMD.3dshapes/C_1812_4532Metric.wrl
      (at (xyz 0 0 0))
      (scale (xyz 1 1 1))
      (rotate (xyz 0 0 0))
    )
  )

  (module Capacitor_SMD:C_1812_4532Metric_Pad1.30x3.40mm_HandSolder (layer F.Cu) (tedit 5B301BBE) (tstamp 5C801C97)
    (at 143.002 101.092 270)
    (descr "Capacitor SMD 1812 (4532 Metric), square (rectangular) end terminal, IPC_7351 nominal with elongated pad for handsoldering. (Body size source: https://www.nikhef.nl/pub/departments/mt/projects/detectorR_D/dtddice/ERJ2G.pdf), generated with kicad-footprint-generator")
    (tags "capacitor handsolder")
    (path /5C764A86)
    (attr smd)
    (fp_text reference C_out1 (at 0 -2.65 270) (layer F.SilkS)
      (effects (font (size 1 1) (thickness 0.15)))
    )
    (fp_text value 22u (at 0 2.65 270) (layer F.Fab)
      (effects (font (size 1 1) (thickness 0.15)))
    )
    (fp_line (start -2.25 1.6) (end -2.25 -1.6) (layer F.Fab) (width 0.1))
    (fp_line (start -2.25 -1.6) (end 2.25 -1.6) (layer F.Fab) (width 0.1))
    (fp_line (start 2.25 -1.6) (end 2.25 1.6) (layer F.Fab) (width 0.1))
    (fp_line (start 2.25 1.6) (end -2.25 1.6) (layer F.Fab) (width 0.1))
    (fp_line (start -1.386252 -1.71) (end 1.386252 -1.71) (layer F.SilkS) (width 0.12))
    (fp_line (start -1.386252 1.71) (end 1.386252 1.71) (layer F.SilkS) (width 0.12))
    (fp_line (start -3.12 1.95) (end -3.12 -1.95) (layer F.CrtYd) (width 0.05))
    (fp_line (start -3.12 -1.95) (end 3.12 -1.95) (layer F.CrtYd) (width 0.05))
    (fp_line (start 3.12 -1.95) (end 3.12 1.95) (layer F.CrtYd) (width 0.05))
    (fp_line (start 3.12 1.95) (end -3.12 1.95) (layer F.CrtYd) (width 0.05))
    (fp_text user %R (at 0 0 270) (layer F.Fab)
      (effects (font (size 1 1) (thickness 0.15)))
    )
    (pad 1 smd roundrect (at -2.225 0 270) (size 1.3 3.4) (layers F.Cu F.Paste F.Mask) (roundrect_rratio 0.192308)
      (net 1 /VOUT))
    (pad 2 smd roundrect (at 2.225 0 270) (size 1.3 3.4) (layers F.Cu F.Paste F.Mask) (roundrect_rratio 0.192308)
      (net 3 GND))
    (model ${KISYS3DMOD}/Capacitor_SMD.3dshapes/C_1812_4532Metric.wrl
      (at (xyz 0 0 0))
      (scale (xyz 1 1 1))
      (rotate (xyz 0 0 0))
    )
  )

  (module Capacitor_SMD:C_1812_4532Metric_Pad1.30x3.40mm_HandSolder (layer F.Cu) (tedit 5B301BBE) (tstamp 5C801C86)
    (at 148.971 123.825)
    (descr "Capacitor SMD 1812 (4532 Metric), square (rectangular) end terminal, IPC_7351 nominal with elongated pad for handsoldering. (Body size source: https://www.nikhef.nl/pub/departments/mt/projects/detectorR_D/dtddice/ERJ2G.pdf), generated with kicad-footprint-generator")
    (tags "capacitor handsolder")
    (path /5C7649E3)
    (attr smd)
    (fp_text reference C_out2 (at 0 -2.65) (layer F.SilkS)
      (effects (font (size 1 1) (thickness 0.15)))
    )
    (fp_text value 22u (at 0 2.65) (layer F.Fab)
      (effects (font (size 1 1) (thickness 0.15)))
    )
    (fp_text user %R (at 0 0) (layer F.Fab)
      (effects (font (size 1 1) (thickness 0.15)))
    )
    (fp_line (start 3.12 1.95) (end -3.12 1.95) (layer F.CrtYd) (width 0.05))
    (fp_line (start 3.12 -1.95) (end 3.12 1.95) (layer F.CrtYd) (width 0.05))
    (fp_line (start -3.12 -1.95) (end 3.12 -1.95) (layer F.CrtYd) (width 0.05))
    (fp_line (start -3.12 1.95) (end -3.12 -1.95) (layer F.CrtYd) (width 0.05))
    (fp_line (start -1.386252 1.71) (end 1.386252 1.71) (layer F.SilkS) (width 0.12))
    (fp_line (start -1.386252 -1.71) (end 1.386252 -1.71) (layer F.SilkS) (width 0.12))
    (fp_line (start 2.25 1.6) (end -2.25 1.6) (layer F.Fab) (width 0.1))
    (fp_line (start 2.25 -1.6) (end 2.25 1.6) (layer F.Fab) (width 0.1))
    (fp_line (start -2.25 -1.6) (end 2.25 -1.6) (layer F.Fab) (width 0.1))
    (fp_line (start -2.25 1.6) (end -2.25 -1.6) (layer F.Fab) (width 0.1))
    (pad 2 smd roundrect (at 2.225 0) (size 1.3 3.4) (layers F.Cu F.Paste F.Mask) (roundrect_rratio 0.192308)
      (net 3 GND))
    (pad 1 smd roundrect (at -2.225 0) (size 1.3 3.4) (layers F.Cu F.Paste F.Mask) (roundrect_rratio 0.192308)
      (net 1 /VOUT))
    (model ${KISYS3DMOD}/Capacitor_SMD.3dshapes/C_1812_4532Metric.wrl
      (at (xyz 0 0 0))
      (scale (xyz 1 1 1))
      (rotate (xyz 0 0 0))
    )
  )

  (module Capacitor_SMD:C_1812_4532Metric_Pad1.30x3.40mm_HandSolder (layer F.Cu) (tedit 5B301BBE) (tstamp 5C801C75)
    (at 143.256 116.332 90)
    (descr "Capacitor SMD 1812 (4532 Metric), square (rectangular) end terminal, IPC_7351 nominal with elongated pad for handsoldering. (Body size source: https://www.nikhef.nl/pub/departments/mt/projects/detectorR_D/dtddice/ERJ2G.pdf), generated with kicad-footprint-generator")
    (tags "capacitor handsolder")
    (path /5C763E53)
    (attr smd)
    (fp_text reference C_bst1 (at 0 -2.65 90) (layer F.SilkS)
      (effects (font (size 1 1) (thickness 0.15)))
    )
    (fp_text value .1u (at 0 2.65 90) (layer F.Fab)
      (effects (font (size 1 1) (thickness 0.15)))
    )
    (fp_line (start -2.25 1.6) (end -2.25 -1.6) (layer F.Fab) (width 0.1))
    (fp_line (start -2.25 -1.6) (end 2.25 -1.6) (layer F.Fab) (width 0.1))
    (fp_line (start 2.25 -1.6) (end 2.25 1.6) (layer F.Fab) (width 0.1))
    (fp_line (start 2.25 1.6) (end -2.25 1.6) (layer F.Fab) (width 0.1))
    (fp_line (start -1.386252 -1.71) (end 1.386252 -1.71) (layer F.SilkS) (width 0.12))
    (fp_line (start -1.386252 1.71) (end 1.386252 1.71) (layer F.SilkS) (width 0.12))
    (fp_line (start -3.12 1.95) (end -3.12 -1.95) (layer F.CrtYd) (width 0.05))
    (fp_line (start -3.12 -1.95) (end 3.12 -1.95) (layer F.CrtYd) (width 0.05))
    (fp_line (start 3.12 -1.95) (end 3.12 1.95) (layer F.CrtYd) (width 0.05))
    (fp_line (start 3.12 1.95) (end -3.12 1.95) (layer F.CrtYd) (width 0.05))
    (fp_text user %R (at 0 0 90) (layer F.Fab)
      (effects (font (size 1 1) (thickness 0.15)))
    )
    (pad 1 smd roundrect (at -2.225 0 90) (size 1.3 3.4) (layers F.Cu F.Paste F.Mask) (roundrect_rratio 0.192308)
      (net 4 "Net-(C_bst1-Pad1)"))
    (pad 2 smd roundrect (at 2.225 0 90) (size 1.3 3.4) (layers F.Cu F.Paste F.Mask) (roundrect_rratio 0.192308)
      (net 9 "Net-(C_bst1-Pad2)"))
    (model ${KISYS3DMOD}/Capacitor_SMD.3dshapes/C_1812_4532Metric.wrl
      (at (xyz 0 0 0))
      (scale (xyz 1 1 1))
      (rotate (xyz 0 0 0))
    )
  )

  (module Connector_PinHeader_2.54mm:PinHeader_1x02_P2.54mm_Vertical (layer F.Cu) (tedit 59FED5CC) (tstamp 5C801C64)
    (at 132.08 91.948 90)
    (descr "Through hole straight pin header, 1x02, 2.54mm pitch, single row")
    (tags "Through hole pin header THT 1x02 2.54mm single row")
    (path /5C75DA33)
    (fp_text reference P_in1 (at 0 -2.33 90) (layer F.SilkS)
      (effects (font (size 1 1) (thickness 0.15)))
    )
    (fp_text value Conn_01x02_Male (at 0 4.87 90) (layer F.Fab)
      (effects (font (size 1 1) (thickness 0.15)))
    )
    (fp_line (start -0.635 -1.27) (end 1.27 -1.27) (layer F.Fab) (width 0.1))
    (fp_line (start 1.27 -1.27) (end 1.27 3.81) (layer F.Fab) (width 0.1))
    (fp_line (start 1.27 3.81) (end -1.27 3.81) (layer F.Fab) (width 0.1))
    (fp_line (start -1.27 3.81) (end -1.27 -0.635) (layer F.Fab) (width 0.1))
    (fp_line (start -1.27 -0.635) (end -0.635 -1.27) (layer F.Fab) (width 0.1))
    (fp_line (start -1.33 3.87) (end 1.33 3.87) (layer F.SilkS) (width 0.12))
    (fp_line (start -1.33 1.27) (end -1.33 3.87) (layer F.SilkS) (width 0.12))
    (fp_line (start 1.33 1.27) (end 1.33 3.87) (layer F.SilkS) (width 0.12))
    (fp_line (start -1.33 1.27) (end 1.33 1.27) (layer F.SilkS) (width 0.12))
    (fp_line (start -1.33 0) (end -1.33 -1.33) (layer F.SilkS) (width 0.12))
    (fp_line (start -1.33 -1.33) (end 0 -1.33) (layer F.SilkS) (width 0.12))
    (fp_line (start -1.8 -1.8) (end -1.8 4.35) (layer F.CrtYd) (width 0.05))
    (fp_line (start -1.8 4.35) (end 1.8 4.35) (layer F.CrtYd) (width 0.05))
    (fp_line (start 1.8 4.35) (end 1.8 -1.8) (layer F.CrtYd) (width 0.05))
    (fp_line (start 1.8 -1.8) (end -1.8 -1.8) (layer F.CrtYd) (width 0.05))
    (fp_text user %R (at 0 1.27 180) (layer F.Fab)
      (effects (font (size 1 1) (thickness 0.15)))
    )
    (pad 1 thru_hole rect (at 0 0 90) (size 1.7 1.7) (drill 1) (layers *.Cu *.Mask)
      (net 11 "Net-(P_in1-Pad1)"))
    (pad 2 thru_hole oval (at 0 2.54 90) (size 1.7 1.7) (drill 1) (layers *.Cu *.Mask)
      (net 3 GND))
    (model ${KISYS3DMOD}/Connector_PinHeader_2.54mm.3dshapes/PinHeader_1x02_P2.54mm_Vertical.wrl
      (at (xyz 0 0 0))
      (scale (xyz 1 1 1))
      (rotate (xyz 0 0 0))
    )
  )

  (module Inductor_SMD:L_1210_3225Metric_Pad1.42x2.65mm_HandSolder (layer F.Cu) (tedit 5B301BBE) (tstamp 5C802006)
    (at 149.479 105.156 180)
    (descr "Capacitor SMD 1210 (3225 Metric), square (rectangular) end terminal, IPC_7351 nominal with elongated pad for handsoldering. (Body size source: http://www.tortai-tech.com/upload/download/2011102023233369053.pdf), generated with kicad-footprint-generator")
    (tags "inductor handsolder")
    (path /5C766546)
    (attr smd)
    (fp_text reference L1 (at 0 -2.28 180) (layer F.SilkS)
      (effects (font (size 1 1) (thickness 0.15)))
    )
    (fp_text value 6.8u (at 0 2.28 180) (layer F.Fab)
      (effects (font (size 1 1) (thickness 0.15)))
    )
    (fp_line (start -1.6 1.25) (end -1.6 -1.25) (layer F.Fab) (width 0.1))
    (fp_line (start -1.6 -1.25) (end 1.6 -1.25) (layer F.Fab) (width 0.1))
    (fp_line (start 1.6 -1.25) (end 1.6 1.25) (layer F.Fab) (width 0.1))
    (fp_line (start 1.6 1.25) (end -1.6 1.25) (layer F.Fab) (width 0.1))
    (fp_line (start -0.602064 -1.36) (end 0.602064 -1.36) (layer F.SilkS) (width 0.12))
    (fp_line (start -0.602064 1.36) (end 0.602064 1.36) (layer F.SilkS) (width 0.12))
    (fp_line (start -2.45 1.58) (end -2.45 -1.58) (layer F.CrtYd) (width 0.05))
    (fp_line (start -2.45 -1.58) (end 2.45 -1.58) (layer F.CrtYd) (width 0.05))
    (fp_line (start 2.45 -1.58) (end 2.45 1.58) (layer F.CrtYd) (width 0.05))
    (fp_line (start 2.45 1.58) (end -2.45 1.58) (layer F.CrtYd) (width 0.05))
    (fp_text user %R (at 0 0 180) (layer F.Fab)
      (effects (font (size 0.8 0.8) (thickness 0.12)))
    )
    (pad 1 smd roundrect (at -1.4875 0 180) (size 1.425 2.65) (layers F.Cu F.Paste F.Mask) (roundrect_rratio 0.175439)
      (net 9 "Net-(C_bst1-Pad2)"))
    (pad 2 smd roundrect (at 1.4875 0 180) (size 1.425 2.65) (layers F.Cu F.Paste F.Mask) (roundrect_rratio 0.175439)
      (net 1 /VOUT))
    (model ${KISYS3DMOD}/Inductor_SMD.3dshapes/L_1210_3225Metric.wrl
      (at (xyz 0 0 0))
      (scale (xyz 1 1 1))
      (rotate (xyz 0 0 0))
    )
  )

  (module LED_THT:LED_D5.0mm (layer F.Cu) (tedit 5995936A) (tstamp 5C801C3D)
    (at 143.51 92.71 270)
    (descr "LED, diameter 5.0mm, 2 pins, http://cdn-reichelt.de/documents/datenblatt/A500/LL-504BC2E-009.pdf")
    (tags "LED diameter 5.0mm 2 pins")
    (path /5C75D93D)
    (fp_text reference LED1 (at 1.27 -3.96 270) (layer F.SilkS)
      (effects (font (size 1 1) (thickness 0.15)))
    )
    (fp_text value LED (at 1.27 3.96 270) (layer F.Fab)
      (effects (font (size 1 1) (thickness 0.15)))
    )
    (fp_arc (start 1.27 0) (end -1.23 -1.469694) (angle 299.1) (layer F.Fab) (width 0.1))
    (fp_arc (start 1.27 0) (end -1.29 -1.54483) (angle 148.9) (layer F.SilkS) (width 0.12))
    (fp_arc (start 1.27 0) (end -1.29 1.54483) (angle -148.9) (layer F.SilkS) (width 0.12))
    (fp_circle (center 1.27 0) (end 3.77 0) (layer F.Fab) (width 0.1))
    (fp_circle (center 1.27 0) (end 3.77 0) (layer F.SilkS) (width 0.12))
    (fp_line (start -1.23 -1.469694) (end -1.23 1.469694) (layer F.Fab) (width 0.1))
    (fp_line (start -1.29 -1.545) (end -1.29 1.545) (layer F.SilkS) (width 0.12))
    (fp_line (start -1.95 -3.25) (end -1.95 3.25) (layer F.CrtYd) (width 0.05))
    (fp_line (start -1.95 3.25) (end 4.5 3.25) (layer F.CrtYd) (width 0.05))
    (fp_line (start 4.5 3.25) (end 4.5 -3.25) (layer F.CrtYd) (width 0.05))
    (fp_line (start 4.5 -3.25) (end -1.95 -3.25) (layer F.CrtYd) (width 0.05))
    (fp_text user %R (at 1.25 0 270) (layer F.Fab)
      (effects (font (size 0.8 0.8) (thickness 0.2)))
    )
    (pad 1 thru_hole rect (at 0 0 270) (size 1.8 1.8) (drill 0.9) (layers *.Cu *.Mask)
      (net 3 GND))
    (pad 2 thru_hole circle (at 2.54 0 270) (size 1.8 1.8) (drill 0.9) (layers *.Cu *.Mask)
      (net 12 "Net-(LED1-Pad2)"))
    (model ${KISYS3DMOD}/LED_THT.3dshapes/LED_D5.0mm.wrl
      (at (xyz 0 0 0))
      (scale (xyz 1 1 1))
      (rotate (xyz 0 0 0))
    )
  )

  (module Resistor_SMD:R_1020_2550Metric_Pad1.33x5.20mm_HandSolder (layer F.Cu) (tedit 5B301BBD) (tstamp 5C801C2B)
    (at 148.971 118.237 270)
    (descr "Resistor SMD 1020 (2550 Metric), square (rectangular) end terminal, IPC_7351 nominal with elongated pad for handsoldering. (Body size source: https://www.vishay.com/docs/20019/rcwe.pdf), generated with kicad-footprint-generator")
    (tags "resistor handsolder")
    (path /5C76677F)
    (attr smd)
    (fp_text reference R6 (at 0 -3.55 270) (layer F.SilkS)
      (effects (font (size 1 1) (thickness 0.15)))
    )
    (fp_text value 100k (at 0 3.55 270) (layer F.Fab)
      (effects (font (size 1 1) (thickness 0.15)))
    )
    (fp_text user %R (at 0 0 270) (layer F.Fab)
      (effects (font (size 0.62 0.62) (thickness 0.09)))
    )
    (fp_line (start 2.12 2.85) (end -2.12 2.85) (layer F.CrtYd) (width 0.05))
    (fp_line (start 2.12 -2.85) (end 2.12 2.85) (layer F.CrtYd) (width 0.05))
    (fp_line (start -2.12 -2.85) (end 2.12 -2.85) (layer F.CrtYd) (width 0.05))
    (fp_line (start -2.12 2.85) (end -2.12 -2.85) (layer F.CrtYd) (width 0.05))
    (fp_line (start -0.361252 2.61) (end 0.361252 2.61) (layer F.SilkS) (width 0.12))
    (fp_line (start -0.361252 -2.61) (end 0.361252 -2.61) (layer F.SilkS) (width 0.12))
    (fp_line (start 1.25 2.5) (end -1.25 2.5) (layer F.Fab) (width 0.1))
    (fp_line (start 1.25 -2.5) (end 1.25 2.5) (layer F.Fab) (width 0.1))
    (fp_line (start -1.25 -2.5) (end 1.25 -2.5) (layer F.Fab) (width 0.1))
    (fp_line (start -1.25 2.5) (end -1.25 -2.5) (layer F.Fab) (width 0.1))
    (pad 2 smd roundrect (at 1.2125 0 270) (size 1.325 5.2) (layers F.Cu F.Paste F.Mask) (roundrect_rratio 0.188679)
      (net 7 "Net-(R6-Pad2)"))
    (pad 1 smd roundrect (at -1.2125 0 270) (size 1.325 5.2) (layers F.Cu F.Paste F.Mask) (roundrect_rratio 0.188679)
      (net 5 /VIN))
    (model ${KISYS3DMOD}/Resistor_SMD.3dshapes/R_1020_2550Metric.wrl
      (at (xyz 0 0 0))
      (scale (xyz 1 1 1))
      (rotate (xyz 0 0 0))
    )
  )

  (module Resistor_SMD:R_1020_2550Metric_Pad1.33x5.20mm_HandSolder (layer F.Cu) (tedit 5B301BBD) (tstamp 5C801C1A)
    (at 149.352 100.203 90)
    (descr "Resistor SMD 1020 (2550 Metric), square (rectangular) end terminal, IPC_7351 nominal with elongated pad for handsoldering. (Body size source: https://www.vishay.com/docs/20019/rcwe.pdf), generated with kicad-footprint-generator")
    (tags "resistor handsolder")
    (path /5C75FE00)
    (attr smd)
    (fp_text reference R_in1 (at 0 -3.55 90) (layer F.SilkS)
      (effects (font (size 1 1) (thickness 0.15)))
    )
    (fp_text value 400 (at 0 3.55 90) (layer F.Fab)
      (effects (font (size 1 1) (thickness 0.15)))
    )
    (fp_line (start -1.25 2.5) (end -1.25 -2.5) (layer F.Fab) (width 0.1))
    (fp_line (start -1.25 -2.5) (end 1.25 -2.5) (layer F.Fab) (width 0.1))
    (fp_line (start 1.25 -2.5) (end 1.25 2.5) (layer F.Fab) (width 0.1))
    (fp_line (start 1.25 2.5) (end -1.25 2.5) (layer F.Fab) (width 0.1))
    (fp_line (start -0.361252 -2.61) (end 0.361252 -2.61) (layer F.SilkS) (width 0.12))
    (fp_line (start -0.361252 2.61) (end 0.361252 2.61) (layer F.SilkS) (width 0.12))
    (fp_line (start -2.12 2.85) (end -2.12 -2.85) (layer F.CrtYd) (width 0.05))
    (fp_line (start -2.12 -2.85) (end 2.12 -2.85) (layer F.CrtYd) (width 0.05))
    (fp_line (start 2.12 -2.85) (end 2.12 2.85) (layer F.CrtYd) (width 0.05))
    (fp_line (start 2.12 2.85) (end -2.12 2.85) (layer F.CrtYd) (width 0.05))
    (fp_text user %R (at 0 0 90) (layer F.Fab)
      (effects (font (size 0.62 0.62) (thickness 0.09)))
    )
    (pad 1 smd roundrect (at -1.2125 0 90) (size 1.325 5.2) (layers F.Cu F.Paste F.Mask) (roundrect_rratio 0.188679)
      (net 1 /VOUT))
    (pad 2 smd roundrect (at 1.2125 0 90) (size 1.325 5.2) (layers F.Cu F.Paste F.Mask) (roundrect_rratio 0.188679)
      (net 12 "Net-(LED1-Pad2)"))
    (model ${KISYS3DMOD}/Resistor_SMD.3dshapes/R_1020_2550Metric.wrl
      (at (xyz 0 0 0))
      (scale (xyz 1 1 1))
      (rotate (xyz 0 0 0))
    )
  )

  (module Resistor_SMD:R_1020_2550Metric_Pad1.33x5.20mm_HandSolder (layer F.Cu) (tedit 5B301BBD) (tstamp 5C801C09)
    (at 134.112 97.79 180)
    (descr "Resistor SMD 1020 (2550 Metric), square (rectangular) end terminal, IPC_7351 nominal with elongated pad for handsoldering. (Body size source: https://www.vishay.com/docs/20019/rcwe.pdf), generated with kicad-footprint-generator")
    (tags "resistor handsolder")
    (path /5C766860)
    (attr smd)
    (fp_text reference R5 (at 0 -3.55 180) (layer F.SilkS)
      (effects (font (size 1 1) (thickness 0.15)))
    )
    (fp_text value 10.2k (at 0 3.55 180) (layer F.Fab)
      (effects (font (size 1 1) (thickness 0.15)))
    )
    (fp_text user %R (at 0 0 180) (layer F.Fab)
      (effects (font (size 0.62 0.62) (thickness 0.09)))
    )
    (fp_line (start 2.12 2.85) (end -2.12 2.85) (layer F.CrtYd) (width 0.05))
    (fp_line (start 2.12 -2.85) (end 2.12 2.85) (layer F.CrtYd) (width 0.05))
    (fp_line (start -2.12 -2.85) (end 2.12 -2.85) (layer F.CrtYd) (width 0.05))
    (fp_line (start -2.12 2.85) (end -2.12 -2.85) (layer F.CrtYd) (width 0.05))
    (fp_line (start -0.361252 2.61) (end 0.361252 2.61) (layer F.SilkS) (width 0.12))
    (fp_line (start -0.361252 -2.61) (end 0.361252 -2.61) (layer F.SilkS) (width 0.12))
    (fp_line (start 1.25 2.5) (end -1.25 2.5) (layer F.Fab) (width 0.1))
    (fp_line (start 1.25 -2.5) (end 1.25 2.5) (layer F.Fab) (width 0.1))
    (fp_line (start -1.25 -2.5) (end 1.25 -2.5) (layer F.Fab) (width 0.1))
    (fp_line (start -1.25 2.5) (end -1.25 -2.5) (layer F.Fab) (width 0.1))
    (pad 2 smd roundrect (at 1.2125 0 180) (size 1.325 5.2) (layers F.Cu F.Paste F.Mask) (roundrect_rratio 0.188679)
      (net 3 GND))
    (pad 1 smd roundrect (at -1.2125 0 180) (size 1.325 5.2) (layers F.Cu F.Paste F.Mask) (roundrect_rratio 0.188679)
      (net 6 "Net-(R4-Pad2)"))
    (model ${KISYS3DMOD}/Resistor_SMD.3dshapes/R_1020_2550Metric.wrl
      (at (xyz 0 0 0))
      (scale (xyz 1 1 1))
      (rotate (xyz 0 0 0))
    )
  )

  (module Resistor_SMD:R_1020_2550Metric_Pad1.33x5.20mm_HandSolder (layer F.Cu) (tedit 5B301BBD) (tstamp 5C801BF8)
    (at 149.733 111.633 180)
    (descr "Resistor SMD 1020 (2550 Metric), square (rectangular) end terminal, IPC_7351 nominal with elongated pad for handsoldering. (Body size source: https://www.vishay.com/docs/20019/rcwe.pdf), generated with kicad-footprint-generator")
    (tags "resistor handsolder")
    (path /5C75C9AF)
    (attr smd)
    (fp_text reference R4 (at 0 -3.55 180) (layer F.SilkS)
      (effects (font (size 1 1) (thickness 0.15)))
    )
    (fp_text value 56k (at 0 3.55 180) (layer F.Fab)
      (effects (font (size 1 1) (thickness 0.15)))
    )
    (fp_line (start -1.25 2.5) (end -1.25 -2.5) (layer F.Fab) (width 0.1))
    (fp_line (start -1.25 -2.5) (end 1.25 -2.5) (layer F.Fab) (width 0.1))
    (fp_line (start 1.25 -2.5) (end 1.25 2.5) (layer F.Fab) (width 0.1))
    (fp_line (start 1.25 2.5) (end -1.25 2.5) (layer F.Fab) (width 0.1))
    (fp_line (start -0.361252 -2.61) (end 0.361252 -2.61) (layer F.SilkS) (width 0.12))
    (fp_line (start -0.361252 2.61) (end 0.361252 2.61) (layer F.SilkS) (width 0.12))
    (fp_line (start -2.12 2.85) (end -2.12 -2.85) (layer F.CrtYd) (width 0.05))
    (fp_line (start -2.12 -2.85) (end 2.12 -2.85) (layer F.CrtYd) (width 0.05))
    (fp_line (start 2.12 -2.85) (end 2.12 2.85) (layer F.CrtYd) (width 0.05))
    (fp_line (start 2.12 2.85) (end -2.12 2.85) (layer F.CrtYd) (width 0.05))
    (fp_text user %R (at 0 0 180) (layer F.Fab)
      (effects (font (size 0.62 0.62) (thickness 0.09)))
    )
    (pad 1 smd roundrect (at -1.2125 0 180) (size 1.325 5.2) (layers F.Cu F.Paste F.Mask) (roundrect_rratio 0.188679)
      (net 5 /VIN))
    (pad 2 smd roundrect (at 1.2125 0 180) (size 1.325 5.2) (layers F.Cu F.Paste F.Mask) (roundrect_rratio 0.188679)
      (net 6 "Net-(R4-Pad2)"))
    (model ${KISYS3DMOD}/Resistor_SMD.3dshapes/R_1020_2550Metric.wrl
      (at (xyz 0 0 0))
      (scale (xyz 1 1 1))
      (rotate (xyz 0 0 0))
    )
  )

  (module Resistor_SMD:R_1020_2550Metric_Pad1.33x5.20mm_HandSolder (layer F.Cu) (tedit 5B301BBD) (tstamp 5C801BE7)
    (at 149.987 93.472 180)
    (descr "Resistor SMD 1020 (2550 Metric), square (rectangular) end terminal, IPC_7351 nominal with elongated pad for handsoldering. (Body size source: https://www.vishay.com/docs/20019/rcwe.pdf), generated with kicad-footprint-generator")
    (tags "resistor handsolder")
    (path /5C7668A5)
    (attr smd)
    (fp_text reference Rtop1 (at 0 -3.55 180) (layer F.SilkS)
      (effects (font (size 1 1) (thickness 0.15)))
    )
    (fp_text value 31.5k (at 0 3.55 180) (layer F.Fab)
      (effects (font (size 1 1) (thickness 0.15)))
    )
    (fp_text user %R (at 0 0 180) (layer F.Fab)
      (effects (font (size 0.62 0.62) (thickness 0.09)))
    )
    (fp_line (start 2.12 2.85) (end -2.12 2.85) (layer F.CrtYd) (width 0.05))
    (fp_line (start 2.12 -2.85) (end 2.12 2.85) (layer F.CrtYd) (width 0.05))
    (fp_line (start -2.12 -2.85) (end 2.12 -2.85) (layer F.CrtYd) (width 0.05))
    (fp_line (start -2.12 2.85) (end -2.12 -2.85) (layer F.CrtYd) (width 0.05))
    (fp_line (start -0.361252 2.61) (end 0.361252 2.61) (layer F.SilkS) (width 0.12))
    (fp_line (start -0.361252 -2.61) (end 0.361252 -2.61) (layer F.SilkS) (width 0.12))
    (fp_line (start 1.25 2.5) (end -1.25 2.5) (layer F.Fab) (width 0.1))
    (fp_line (start 1.25 -2.5) (end 1.25 2.5) (layer F.Fab) (width 0.1))
    (fp_line (start -1.25 -2.5) (end 1.25 -2.5) (layer F.Fab) (width 0.1))
    (fp_line (start -1.25 2.5) (end -1.25 -2.5) (layer F.Fab) (width 0.1))
    (pad 2 smd roundrect (at 1.2125 0 180) (size 1.325 5.2) (layers F.Cu F.Paste F.Mask) (roundrect_rratio 0.188679)
      (net 8 "Net-(Rbot1-Pad1)"))
    (pad 1 smd roundrect (at -1.2125 0 180) (size 1.325 5.2) (layers F.Cu F.Paste F.Mask) (roundrect_rratio 0.188679)
      (net 1 /VOUT))
    (model ${KISYS3DMOD}/Resistor_SMD.3dshapes/R_1020_2550Metric.wrl
      (at (xyz 0 0 0))
      (scale (xyz 1 1 1))
      (rotate (xyz 0 0 0))
    )
  )

  (module Resistor_SMD:R_1020_2550Metric_Pad1.33x5.20mm_HandSolder (layer F.Cu) (tedit 5B301BBD) (tstamp 5C801BD6)
    (at 137.795 108.712)
    (descr "Resistor SMD 1020 (2550 Metric), square (rectangular) end terminal, IPC_7351 nominal with elongated pad for handsoldering. (Body size source: https://www.vishay.com/docs/20019/rcwe.pdf), generated with kicad-footprint-generator")
    (tags "resistor handsolder")
    (path /5C7668E5)
    (attr smd)
    (fp_text reference Rbot1 (at 0 -3.55) (layer F.SilkS)
      (effects (font (size 1 1) (thickness 0.15)))
    )
    (fp_text value 10.2k (at 0 3.55) (layer F.Fab)
      (effects (font (size 1 1) (thickness 0.15)))
    )
    (fp_line (start -1.25 2.5) (end -1.25 -2.5) (layer F.Fab) (width 0.1))
    (fp_line (start -1.25 -2.5) (end 1.25 -2.5) (layer F.Fab) (width 0.1))
    (fp_line (start 1.25 -2.5) (end 1.25 2.5) (layer F.Fab) (width 0.1))
    (fp_line (start 1.25 2.5) (end -1.25 2.5) (layer F.Fab) (width 0.1))
    (fp_line (start -0.361252 -2.61) (end 0.361252 -2.61) (layer F.SilkS) (width 0.12))
    (fp_line (start -0.361252 2.61) (end 0.361252 2.61) (layer F.SilkS) (width 0.12))
    (fp_line (start -2.12 2.85) (end -2.12 -2.85) (layer F.CrtYd) (width 0.05))
    (fp_line (start -2.12 -2.85) (end 2.12 -2.85) (layer F.CrtYd) (width 0.05))
    (fp_line (start 2.12 -2.85) (end 2.12 2.85) (layer F.CrtYd) (width 0.05))
    (fp_line (start 2.12 2.85) (end -2.12 2.85) (layer F.CrtYd) (width 0.05))
    (fp_text user %R (at 0 0) (layer F.Fab)
      (effects (font (size 0.62 0.62) (thickness 0.09)))
    )
    (pad 1 smd roundrect (at -1.2125 0) (size 1.325 5.2) (layers F.Cu F.Paste F.Mask) (roundrect_rratio 0.188679)
      (net 8 "Net-(Rbot1-Pad1)"))
    (pad 2 smd roundrect (at 1.2125 0) (size 1.325 5.2) (layers F.Cu F.Paste F.Mask) (roundrect_rratio 0.188679)
      (net 3 GND))
    (model ${KISYS3DMOD}/Resistor_SMD.3dshapes/R_1020_2550Metric.wrl
      (at (xyz 0 0 0))
      (scale (xyz 1 1 1))
      (rotate (xyz 0 0 0))
    )
  )

  (module digikey-footprints:DO-214AB (layer F.Cu) (tedit 5AD0B186) (tstamp 5C801BC5)
    (at 133.096 123.317 90)
    (path /5C766069)
    (fp_text reference D2 (at 0 -3.83 90) (layer F.SilkS)
      (effects (font (size 1 1) (thickness 0.15)))
    )
    (fp_text value B560C-13-F (at -0.04 4.07 90) (layer F.Fab)
      (effects (font (size 1 1) (thickness 0.15)))
    )
    (fp_line (start -3.6 1.8) (end -3.2 1.8) (layer F.SilkS) (width 0.1))
    (fp_line (start -3.6 -1.8) (end -3.2 -1.8) (layer F.SilkS) (width 0.1))
    (fp_line (start -4.95 3.25) (end 4.95 3.25) (layer F.CrtYd) (width 0.05))
    (fp_line (start -4.95 -3.25) (end 4.95 -3.25) (layer F.CrtYd) (width 0.05))
    (fp_line (start -4.95 3.25) (end -4.95 -3.25) (layer F.CrtYd) (width 0.05))
    (fp_line (start 4.95 3.25) (end 4.95 -3.25) (layer F.CrtYd) (width 0.05))
    (fp_line (start 3.6 3.1) (end 3.1 3.1) (layer F.SilkS) (width 0.1))
    (fp_line (start 3.6 3.1) (end 3.6 2.6) (layer F.SilkS) (width 0.1))
    (fp_line (start -3.6 3.1) (end -3.6 1.8) (layer F.SilkS) (width 0.1))
    (fp_line (start -3.6 3.1) (end -3.1 3.1) (layer F.SilkS) (width 0.1))
    (fp_line (start -3.6 -3.1) (end -3.6 -1.8) (layer F.SilkS) (width 0.1))
    (fp_line (start -3.6 -3.1) (end -3.1 -3.1) (layer F.SilkS) (width 0.1))
    (fp_line (start 3.6 -3.1) (end 3.6 -2.6) (layer F.SilkS) (width 0.1))
    (fp_line (start 3.6 -3.1) (end 3.1 -3.1) (layer F.SilkS) (width 0.1))
    (fp_text user %R (at 0 0 90) (layer F.Fab)
      (effects (font (size 1 1) (thickness 0.15)))
    )
    (fp_line (start -3.5 3) (end 3.5 3) (layer F.Fab) (width 0.1))
    (fp_line (start -3.5 -3) (end 3.5 -3) (layer F.Fab) (width 0.1))
    (fp_line (start 3.5 -3) (end 3.5 3) (layer F.Fab) (width 0.1))
    (fp_line (start -3.5 -3) (end -3.5 3) (layer F.Fab) (width 0.1))
    (fp_line (start -3.5 -3.1) (end -3.5 -1.8) (layer F.SilkS) (width 0.1))
    (fp_line (start -3.4 -3.1) (end -3.4 -1.8) (layer F.SilkS) (width 0.1))
    (fp_line (start -3.3 -3.1) (end -3.3 -1.8) (layer F.SilkS) (width 0.1))
    (fp_line (start -3.2 -3.1) (end -3.2 -1.8) (layer F.SilkS) (width 0.1))
    (fp_line (start -3.5 3.1) (end -3.5 1.8) (layer F.SilkS) (width 0.1))
    (fp_line (start -3.4 3.1) (end -3.4 1.8) (layer F.SilkS) (width 0.1))
    (fp_line (start -3.3 3.1) (end -3.3 1.8) (layer F.SilkS) (width 0.1))
    (fp_line (start -3.2 3.1) (end -3.2 1.8) (layer F.SilkS) (width 0.1))
    (pad A smd rect (at 3.45 0.01 90) (size 2.5 3.3) (layers F.Cu F.Paste F.Mask)
      (net 3 GND))
    (pad K smd rect (at -3.45 0 90) (size 2.5 3.3) (layers F.Cu F.Paste F.Mask)
      (net 9 "Net-(C_bst1-Pad2)"))
  )

  (module digikey-footprints:DO-214AC (layer F.Cu) (tedit 5AD0AAF4) (tstamp 5C801BA4)
    (at 133.35 115.824 180)
    (path /5C762917)
    (fp_text reference D1 (at 0 -2.6 180) (layer F.SilkS)
      (effects (font (size 1 1) (thickness 0.15)))
    )
    (fp_text value B240A-13-F (at 0 2.45 180) (layer F.Fab)
      (effects (font (size 1 1) (thickness 0.15)))
    )
    (fp_line (start -1.44018 -1.30048) (end -1.44018 1.30048) (layer F.Fab) (width 0.1))
    (fp_line (start -1.44018 1.30048) (end -1.36398 1.30048) (layer F.Fab) (width 0.1))
    (fp_line (start -1.36398 1.30048) (end -1.36144 -1.30048) (layer F.Fab) (width 0.1))
    (fp_line (start -1.36144 -1.30048) (end -1.44018 -1.30048) (layer F.Fab) (width 0.1))
    (fp_line (start -1.44018 1.40208) (end -1.44018 0.94234) (layer F.SilkS) (width 0.1))
    (fp_line (start -1.44018 0.94234) (end -1.36398 0.94234) (layer F.SilkS) (width 0.1))
    (fp_line (start -1.36398 0.94234) (end -1.36398 1.40208) (layer F.SilkS) (width 0.1))
    (fp_line (start -1.36398 1.40208) (end -1.44018 1.40208) (layer F.SilkS) (width 0.1))
    (fp_line (start -1.44018 -1.39954) (end -1.44018 -0.93472) (layer F.SilkS) (width 0.1))
    (fp_line (start -1.44018 -0.93472) (end -1.36398 -0.93472) (layer F.SilkS) (width 0.1))
    (fp_line (start -1.36398 -0.93472) (end -1.36398 -1.39954) (layer F.SilkS) (width 0.1))
    (fp_line (start -1.36398 -1.39954) (end -1.44018 -1.39954) (layer F.SilkS) (width 0.1))
    (fp_line (start -3.5 1.55) (end 3.5 1.55) (layer F.CrtYd) (width 0.05))
    (fp_line (start -3.5 -1.55) (end 3.5 -1.55) (layer F.CrtYd) (width 0.05))
    (fp_line (start 3.5 -1.55) (end 3.5 1.55) (layer F.CrtYd) (width 0.05))
    (fp_line (start -3.5 -1.55) (end -3.5 1.55) (layer F.CrtYd) (width 0.05))
    (fp_line (start 2.25 1.4) (end 1.85 1.4) (layer F.SilkS) (width 0.1))
    (fp_line (start 2.25 1.4) (end 2.25 1) (layer F.SilkS) (width 0.1))
    (fp_line (start -2.25 1.4) (end -1.85 1.4) (layer F.SilkS) (width 0.1))
    (fp_line (start -2.25 1.4) (end -2.25 1) (layer F.SilkS) (width 0.1))
    (fp_line (start -2.25 -1.4) (end -2.25 -1) (layer F.SilkS) (width 0.1))
    (fp_line (start -2.25 -1.4) (end -1.85 -1.4) (layer F.SilkS) (width 0.1))
    (fp_line (start 2.25 -1.4) (end 1.85 -1.4) (layer F.SilkS) (width 0.1))
    (fp_line (start 2.25 -1.4) (end 2.25 -1) (layer F.SilkS) (width 0.1))
    (fp_text user %R (at 0.40894 0 180) (layer F.Fab)
      (effects (font (size 0.75 0.75) (thickness 0.075)))
    )
    (fp_line (start -2.15 1.3) (end 2.15 1.3) (layer F.Fab) (width 0.1))
    (fp_line (start -2.15 -1.3) (end 2.15 -1.3) (layer F.Fab) (width 0.1))
    (fp_line (start 2.15 -1.3) (end 2.15 1.3) (layer F.Fab) (width 0.1))
    (fp_line (start -2.15 -1.3) (end -2.15 1.3) (layer F.Fab) (width 0.1))
    (pad A smd rect (at 2 0 180) (size 2.5 1.7) (layers F.Cu F.Paste F.Mask)
      (net 10 "Net-(D1-PadA)"))
    (pad K smd rect (at -2 0 180) (size 2.5 1.7) (layers F.Cu F.Paste F.Mask)
      (net 5 /VIN))
  )

  (module digikey-footprints:SOIC-8-1EP_W3.9mm (layer F.Cu) (tedit 5B033BB3) (tstamp 5C801B67)
